0.000122115 -1 -2.85214e-05 435.035 1 0.000122114 3.89972e-05 197.257 -3.89937e-05 -2.85262e-05 1 219.995
3.83916e-05 -1 -9.00884e-05 397.577 1 3.83942e-05 -2.94572e-05 197.272 2.94607e-05 -9.00873e-05 1 220.043
5.05304e-06 -1 -3.23116e-05 397.532 1 5.05186e-06 3.67234e-05 257.203 -3.67232e-05 -3.23118e-05 1 220.016
2.07588e-06 -1 -4.6996e-05 435.021 1 2.07526e-06 1.32121e-05 257.23 -1.3212e-05 -4.6996e-05 1 220.036
-1.06442e-05 -1 -6.24128e-05 472.495 1 -1.06435e-05 -1.06446e-05 257.26 1.06439e-05 -6.24129e-05 1 220.003
-3.87625e-05 -1 1.47379e-05 472.511 1 -3.87617e-05 5.42872e-05 197.263 -5.42867e-05 1.474e-05 1 219.961
-2.71821e-05 -1 -1.46947e-05 472.537 1 -2.71826e-05 3.70655e-05 137.286 -3.70659e-05 -1.46937e-05 1 219.966
2.02346e-05 -1 -2.89773e-05 435.048 1 2.02339e-05 2.64023e-05 137.232 -2.64017e-05 -2.89778e-05 1 220
0.097382 -0.994918 0.025575 416.831 0.995188 0.0976247 0.00841604 -2.67032 -0.01087 0.0246324 0.999637 210.143
-0.0491592 -0.98833 -0.144175 471.132 0.936565 0.00454074 -0.350466 112.148 0.347031 -0.152258 0.925412 233.938
-0.293745 -0.94468 0.145921 378.261 0.872463 -0.327337 -0.362848 116.058 0.39054 0.0207264 0.920352 235.451
0.196632 -0.955989 0.217762 355.325 0.806179 0.0312308 -0.590847 189.087 0.558042 0.291735 0.77684 281.367
0.0483018 -0.976114 -0.211822 492.819 0.850537 0.151384 -0.503656 161.146 0.523692 -0.155835 0.837534 261.972
0.378662 -0.92406 -0.0522419 441.72 0.821326 0.361511 -0.441286 141.203 0.426661 0.124191 0.895844 243.34
0.573894 -0.799604 -0.176861 481.596 0.380861 0.451793 -0.806739 258.157 0.724976 0.395623 0.563819 349.607
0.644133 -0.720973 -0.25552 506.8 0.647838 0.691814 -0.318904 102.063 0.406694 0.0398807 0.912694 237.94
0.495998 -0.857588 0.136124 381.447 0.867564 0.495991 -0.0363955 11.6276 -0.0363038 0.136148 0.990023 213.239
0.703592 -0.696102 -0.142831 470.758 0.710014 0.696853 0.101375 -32.4384 0.0289647 -0.172739 0.984542 214.964
0.262083 -0.85341 -0.45056 569.22 0.965005 0.227491 0.130433 -41.7001 -0.00881423 -0.468977 0.883166 247.393
0.024317 -0.930671 -0.365049 541.786 0.998152 0.0429442 -0.0429939 13.7741 0.0556899 -0.363328 0.929995 232.33
0.443768 -0.895957 0.018189 419.157 0.894176 0.444047 0.0571984 -18.2929 -0.059324 -0.00911866 0.998197 210.553
0.508511 -0.842983 -0.175487 481.17 0.802266 0.389834 0.452105 -144.694 -0.312706 -0.370688 0.874532 250.14
0.420472 -0.888085 -0.185763 484.482 0.791381 0.258843 0.55382 -177.245 -0.443756 -0.379875 0.81165 270.33
0.208594 -0.970189 0.123381 385.502 0.584763 0.224846 0.779421 -249.433 -0.783927 -0.0904338 0.614232 333.479
0.540618 -0.794298 0.27717 336.292 0.420807 0.540609 0.728467 -233.116 -0.72846 -0.277187 0.626509 329.529
0.45176 -0.799646 0.395575 298.372 0.380919 0.573842 0.724987 -232.004 -0.80673 -0.176838 0.563839 349.58
0.333107 -0.661179 0.672222 209.86 0.536085 0.719301 0.441837 -141.397 -0.775663 0.213189 0.594052 339.931
0.529389 -0.741865 0.411563 293.31 0.544793 0.669147 0.505414 -161.76 -0.650345 -0.0433436 0.758402 287.312
0.176456 -0.922774 0.342565 315.394 0.871241 0.308375 0.381896 -122.184 -0.458042 0.231069 0.858373 255.318
-0.0293865 -0.954129 0.29795 329.682 0.885323 0.113538 0.450902 -144.299 -0.464047 0.277033 0.841376 260.738
-0.0923375 -0.995218 -0.031859 435.243 0.718112 -0.0887236 0.690248 -220.893 -0.689774 0.0408575 0.722871 298.657
-0.341584 -0.874899 -0.343326 534.885 0.770169 -0.469936 0.431277 -137.99 -0.538665 -0.117101 0.834343 263.02
2.73407e-05 -1 -8.46766e-05 435.032 1 2.73361e-05 5.3708e-05 227.166 -5.37057e-05 -8.46781e-05 1 220.07
5.82003e-06 -1 2.1634e-05 453.524 1 5.81976e-06 -1.25038e-05 167.262 1.25037e-05 2.1634e-05 1 219.993
-1.25559e-05 -1 -1.66216e-06 416.527 1 -1.2556e-05 3.68935e-05 217.226 -3.68935e-05 -1.6617e-06 1 219.986
0.0853553 -0.990041 0.111952 435.082 0.996339 0.0853444 -0.00489906 197.283 -0.0047042 0.11196 0.993702 220.012
-0.0875465 -0.995799 -0.0268139 452.509 0.990012 -0.0899607 0.108553 232.229 -0.110509 -0.0170426 0.993729 220.019
0.0317861 -0.999206 -0.0240201 417.48 0.993228 0.0342646 -0.111014 167.25 0.111749 -0.0203288 0.993529 219.98
5.61598e-05 -1 -1.99381e-05 324.048 1 5.61626e-05 -0.000139813 433.998 0.000139814 -1.99302e-05 1 220.041
2.4331e-05 -1 -1.28809e-05 481.003 1 2.43306e-05 3.15124e-05 268.983 -3.15121e-05 -1.28817e-05 1 220.023
2.86719e-05 -1 -1.5568e-05 567.993 1 2.86713e-05 3.86097e-05 354.958 -3.86092e-05 -1.55691e-05 1 220.015
-1.80073e-05 -1 -1.30712e-05 407.039 1 -1.80085e-05 9.31522e-05 519.96 -9.31524e-05 -1.30695e-05 1 219.979
4.49479e-05 -1 -2.48235e-05 445.03 1 4.49466e-05 5.05547e-05 394.574 -5.05536e-05 -2.48258e-05 1 219.973
-0.0362883 -0.999253 0.0133091 402.484 0.991916 -0.037636 -0.121187 351.559 0.121598 0.00880386 0.99254 225.037
0.0319181 -0.999405 0.0130747 524.516 0.991952 0.0332783 0.122159 312.065 -0.122522 0.00907039 0.992424 235.03
-0.0900787 -0.984145 0.152789 487.533 0.995911 -0.0900688 0.00700024 437.432 0.00687231 0.152795 0.988234 245.004
0.0854848 -0.98875 -0.122742 365.492 0.996322 0.0841038 0.0163982 477.081 -0.00589066 -0.123692 0.992303 230.004
