# VR calibration matrix setting
# Auto-capture + One-shot YAML update (R_Adj, T_AD, T_BC, T_SA)
# saved_at: 2026.02.03 15:06

meta:
  t_sa_w_des_z: 1.570796326795
  note: "T_SA is right-multiplied in vive_tracker (M_cal = ... @ T_SA)"

T_AD:
  - [0.975938085353, -0.007792455956, -0.217908538585, 0.126811860678]
  - [-0.217897224032, 0.002282965245, -0.975969050651, -1.062878762419]
  - [0.008102673462, 0.999967032306, 0.000530078209, 1.404195647875]
  - [0.000000000000, 0.000000000000, 0.000000000000, 1.000000000000]

T_BC:
  - [-0.983236696961, 0.182210776904, -0.006695560421, 0.004871431577]
  - [0.182227366530, 0.983254481746, -0.001952181601, -0.244442615110]
  - [0.006227731266, -0.003139570932, -0.999975678933, 0.464109868048]
  - [0.000000000000, 0.000000000000, 0.000000000000, 1.000000000000]

R_Adj:
  - [0.999994628882, 0.002555063230, -0.002052768469]
  - [-0.002553055532, 0.999996260678, 0.000980070182]
  - [0.002055264934, -0.000974824086, 0.999997412799]

# constant offset: tune here if needed
T_CE:
  - [1.000000000000, 0.000000000000, 0.000000000000, 0.000000000000]
  - [0.000000000000, 1.000000000000, 0.000000000000, 0.000000000000]
  - [0.000000000000, 0.000000000000, 1.000000000000, 0.176000000000]
  - [0.000000000000, 0.000000000000, 0.000000000000, 1.000000000000]

# spatial-angle frame alignment (right-multiply)
T_SA:
  - [-0.999747926805, 0.021349505737, 0.006948485735, 0.000000000000]
  - [0.021253897885, 0.999682227378, -0.013554190820, 0.000000000000]
  - [-0.007235652971, -0.013403091766, -0.999883994500, 0.000000000000]
  - [0.000000000000, 0.000000000000, 0.000000000000, 1.000000000000]

