-6.2883e-05 -1 -2.80429e-05 0.300029 1 -6.28827e-05 -1.29318e-05 -1.51689e-05 1.29301e-05 -2.80437e-05 1 0.399955
4.85213e-06 -1 0.000136487 0.499908 1 4.86096e-06 6.47364e-05 3.669e-09 -6.4737e-05 0.000136487 1 0.399974
-0.0490795 -0.988365 -0.143967 0.652818 0.936632 0.00451263 -0.350285 -0.0616535 0.346859 -0.152036 0.925513 0.15961
0.508408 -0.843023 -0.175593 0.32172 0.802337 0.389705 0.45209 -0.4952 -0.312693 -0.370731 0.874518 0.32207
0.443956 -0.895864 0.0182035 0.318457 0.894073 0.444234 0.0573526 -0.130315 -0.0594668 -0.00918675 0.998188 0.327954
0.196651 -0.956018 0.217619 0.271694 0.806336 0.0314181 -0.590622 0.229189 0.557808 0.291621 0.77705 0.371528
0.494972 -0.858199 0.136006 0.282276 0.868222 0.494707 -0.0381538 0.271434 -0.0345395 0.136968 0.989973 0.264664
0.176979 -0.922743 0.34238 0.346214 0.871315 0.308665 0.381491 -0.00252466 -0.457699 0.230805 0.858627 0.371961
0.0244718 -0.930629 -0.365145 0.600544 0.998149 0.0430872 -0.0429191 -0.00504592 0.0556748 -0.363419 0.929961 0.502142
0.643952 -0.721092 -0.255639 0.601681 0.647952 0.691699 -0.318922 -0.00477713 0.406797 0.0397293 0.912654 0.395261
0.208679 -0.970164 0.123432 0.486422 0.584842 0.22495 0.779331 -0.341391 -0.783845 -0.090442 0.614335 0.26648
0.262309 -0.853396 -0.450454 0.393541 0.964945 0.227747 0.130434 -0.371453 -0.00872252 -0.468877 0.88322 0.17227
0.0481625 -0.976119 -0.211828 0.324742 0.85059 0.151256 -0.503606 -0.226301 0.52362 -0.155924 0.837562 0.229751
0.0973587 -0.99492 0.0255924 0.333827 0.995191 0.0975982 0.00827938 0.0216533 -0.0107351 0.0246632 0.999638 0.28783
-0.0294273 -0.954117 0.297984 0.331801 0.88539 0.113479 0.450785 0.0587833 -0.463917 0.277098 0.841426 0.423099
0.419836 -0.888513 -0.185156 0.425107 0.791696 0.258765 0.553406 0.0222824 -0.443796 -0.378926 0.812071 0.430218
0.333103 -0.661273 0.672131 0.242741 0.535961 0.719272 0.442034 0.341432 -0.77575 0.212993 0.594008 0.159817
-0.29361 -0.944743 0.145785 0.220155 0.872649 -0.327153 -0.362568 0.394676 0.390227 0.020766 0.920484 0.178904
-0.0924269 -0.995213 -0.0317682 0.412978 0.718286 -0.088736 0.690066 0.0208467 -0.689582 0.040962 0.723049 0.372686
0.228208 -0.967868 0.105604 0.413117 0.635323 0.230227 0.73713 0.0208156 -0.737757 -0.101126 0.667448 0.372688
0.703526 -0.696201 -0.142669 0.310157 0.710089 0.696753 0.101535 -0.158383 0.028716 -0.17274 0.984549 0.356023
0.529456 -0.741969 0.411288 0.393318 0.545138 0.669036 0.505188 -0.15376 -0.650001 -0.0432658 0.758701 0.294274
0.378591 -0.924081 -0.0523671 0.556203 0.821342 0.361506 -0.441261 -0.146566 0.426692 0.124046 0.895849 0.177683
0.574041 -0.79954 -0.17667 0.550272 0.381106 0.451848 -0.806593 -0.200729 0.724731 0.395687 0.564089 0.178973
-0.340964 -0.875432 -0.342583 0.489952 0.771284 -0.468853 0.430462 -0.469731 -0.537461 -0.117456 0.835069 0.22919
0.451742 -0.799704 0.395477 0.433579 0.381062 0.573774 0.724966 -0.00519558 -0.806673 -0.176796 0.563935 0.278263
